0.124828
0.137403
0.149978
0.163520
0.176739
0.188669
0.202533
0.216075
0.228972
0.241224
0.252509
0.266696
0.279593
0.291523
0.305065
0.317962
0.331182
0.343434
0.356331
0.368906
0.382125
0.394700
0.406952
0.419527
0.432746
0.444999
0.458218
0.471438
0.484335
0.497232
0.510129
0.522381
0.536568
0.549465
0.561717
0.575259
0.588801
0.602021
0.613950
0.627170
0.641357
0.654576
0.665861
0.678758
0.692300
0.704875
0.718417
0.730347
0.743889
0.756141
0.769360
0.781935
0.794832
0.808052
0.820626
0.832879
0.845453
0.858350
0.870280
0.883822
0.896719
0.910261
0.922191
0.935733
0.948953
0.962494
0.974747
0.986677
1.000863
1.015373
1.026658
1.040522
1.053741
1.065994
1.078568
1.091788
1.105330
1.117582
1.130802
1.142409
1.156918
1.169493
1.181423
1.194965
1.208184
1.221081
1.232689
1.245263
1.259773
1.272025
1.284277
1.297174
1.309749
1.323613
1.335866
1.348440
1.362305
1.376491
1.388099
1.401963
1.414215
1.427757
1.440010
1.452907
1.467094
1.480636
1.491921
1.505140
1.517715
1.531579
1.543509
1.557696
1.571560
1.583812
1.595097
1.608962
1.620892
1.635078
1.645074
1.658616
1.670545
1.683120
1.694728
1.709882
1.722779
1.735676
1.746961
1.760180
1.774045
1.787587
1.798549
1.812736
1.826278
1.839498
1.849170
1.863680
1.877866
1.890119
1.902049
1.915913
1.929455
1.942674
1.954604
1.968791
1.981688
1.995230
2.007482
2.020380
2.033599
2.047141
2.055847
2.070356
2.083575
2.096795
2.108080
2.121944
2.134519
2.148383
2.159668
2.173855
2.187075
2.201262
2.213514
2.226089
2.238663
2.253817
2.263490
2.277355
2.290252
2.304116
2.314756
2.328943
2.342808
2.356350
2.368602
2.382144
2.395686
2.409873
2.420835
2.435667
2.447597
2.461784
2.468555
2.484031
2.497251
2.511760
2.522722
2.535620
2.549484
2.562704
2.574311
2.587853
2.601717
2.614937
2.627512
2.640731
2.652983
2.667170
2.677488
2.691997
2.705862
2.718759
2.730366
2.744553
2.758095
2.772927
2.783567
2.796464
2.809361
2.823226
2.834833
2.849342
2.861917
2.876104
2.884165
2.898674
2.911893
2.924468
2.936075
2.950585
2.964127
2.977346
2.988954
3.002496
3.016038
3.029580
3.040865
3.055696
3.068271
3.083103
3.091808
3.105673
3.119537
3.133079
3.143719
3.156939
3.169514
3.184990
3.194663
3.210140
3.222392
3.236256
3.247219
3.261083
3.272691
3.287523
