0	0.000000
1	-0.018849
2	-0.037698
3	-0.056545
4	-0.075390
5	-0.094232
6	-0.113071
7	-0.131904
8	-0.150733
9	-0.169556
10	-0.188372
11	-0.207180
12	-0.225980
13	-0.244772
14	-0.263554
15	-0.282325
16	-0.301085
17	-0.319833
18	-0.338569
19	-0.357291
20	-0.376000
21	-0.394693
22	-0.413371
23	-0.432032
24	-0.450677
25	-0.469303
26	-0.487911
27	-0.506500
28	-0.525069
29	-0.543617
30	-0.562144
31	-0.580648
32	-0.599130
33	-0.617588
34	-0.636021
35	-0.654430
36	-0.672812
37	-0.691168
38	-0.709497
39	-0.727798
40	-0.746070
41	-0.764312
42	-0.782525
43	-0.800706
44	-0.818856
45	-0.836973
46	-0.855058
47	-0.873109
48	-0.891125
49	-0.909106
50	-0.927051
51	-0.944960
52	-0.962831
53	-0.980664
54	-0.998459
55	-1.016214
56	-1.033929
57	-1.051603
58	-1.069236
59	-1.086826
60	-1.104374
61	-1.121878
62	-1.139337
63	-1.156752
64	-1.174121
65	-1.191444
66	-1.208719
67	-1.225947
68	-1.243127
69	-1.260257
70	-1.277338
71	-1.294368
72	-1.311347
73	-1.328275
74	-1.345150
75	-1.361971
76	-1.378740
77	-1.395453
78	-1.412112
79	-1.428715
80	-1.445261
81	-1.461750
82	-1.478182
83	-1.494555
84	-1.510870
85	-1.527124
86	-1.543319
87	-1.559452
88	-1.575524
89	-1.591534
90	-1.607480
91	-1.623364
92	-1.639183
93	-1.654938
94	-1.670627
95	-1.686250
96	-1.701807
97	-1.717296
98	-1.732718
99	-1.748071
100	-1.763356
101	-1.778570
102	-1.793715
103	-1.808789
104	-1.823791
105	-1.838721
106	-1.853579
107	-1.868363
108	-1.883074
109	-1.897710
110	-1.912272
111	-1.926758
112	-1.941168
113	-1.955501
114	-1.969757
115	-1.983936
116	-1.998036
117	-2.012057
118	-2.025998
119	-2.039860
120	-2.053641
121	-2.067341
122	-2.080960
123	-2.094496
124	-2.107950
125	-2.121320
126	-2.134607
127	-2.147809
128	-2.160927
129	-2.173959
130	-2.186906
131	-2.199766
132	-2.212539
133	-2.225225
134	-2.237823
135	-2.250333
136	-2.262754
137	-2.275086
138	-2.287328
139	-2.299479
140	-2.311540
141	-2.323509
142	-2.335387
143	-2.347172
144	-2.358865
145	-2.370465
146	-2.381971
147	-2.393383
148	-2.404701
149	-2.415924
150	-2.427051
151	-2.438082
152	-2.449018
153	-2.459856
154	-2.470598
155	-2.481242
156	-2.491788
157	-2.502235
158	-2.512584
159	-2.522834
160	-2.532984
161	-2.543034
162	-2.552983
163	-2.562832
164	-2.572580
165	-2.582226
166	-2.591770
167	-2.601212
168	-2.610551
169	-2.619787
170	-2.628920
171	-2.637949
172	-2.646874
173	-2.655694
174	-2.664409
175	-2.673020
176	-2.681524
177	-2.689923
178	-2.698216
179	-2.706402
180	-2.714481
181	-2.722453
182	-2.730318
183	-2.738075
184	-2.745724
185	-2.753264
186	-2.760696
187	-2.768018
188	-2.775232
189	-2.782335
190	-2.789329
191	-2.796213
192	-2.802987
193	-2.809650
194	-2.816202
195	-2.822642
196	-2.828972
197	-2.835189
198	-2.841295
199	-2.847288
200	-2.853170
201	-2.858938
202	-2.864594
203	-2.870136
204	-2.875565
205	-2.880881
206	-2.886083
207	-2.891171
208	-2.896145
209	-2.901004
210	-2.905749
211	-2.910380
212	-2.914895
213	-2.919296
214	-2.923581
215	-2.927750
216	-2.931804
217	-2.935743
218	-2.939565
219	-2.943272
220	-2.946862
221	-2.950336
222	-2.953693
223	-2.956934
224	-2.960058
225	-2.963065
226	-2.965955
227	-2.968728
228	-2.971384
229	-2.973923
230	-2.976344
231	-2.978648
232	-2.980834
233	-2.982902
234	-2.984853
235	-2.986686
236	-2.988401
237	-2.989998
238	-2.991477
239	-2.992838
240	-2.994080
241	-2.995205
242	-2.996211
243	-2.997099
244	-2.997868
245	-2.998520
246	-2.999053
247	-2.999467
248	-2.999763
249	-2.999941
250	-3.000000
251	-2.999941
252	-2.999763
253	-2.999467
254	-2.999053
255	-2.998520
256	-2.997868
257	-2.997099
258	-2.996211
259	-2.995205
260	-2.994080
261	-2.992838
262	-2.991477
263	-2.989998
264	-2.988401
265	-2.986686
266	-2.984853
267	-2.982902
268	-2.980834
269	-2.978648
270	-2.976344
271	-2.973923
272	-2.971384
273	-2.968728
274	-2.965955
275	-2.963065
276	-2.960058
277	-2.956934
278	-2.953693
279	-2.950336
280	-2.946862
281	-2.943272
282	-2.939565
283	-2.935743
284	-2.931804
285	-2.927750
286	-2.923581
287	-2.919296
288	-2.914895
289	-2.910380
290	-2.905749
291	-2.901004
292	-2.896145
293	-2.891171
294	-2.886083
295	-2.880881
296	-2.875565
297	-2.870136
298	-2.864594
299	-2.858938
300	-2.853170
301	-2.847288
302	-2.841295
303	-2.835189
304	-2.828972
305	-2.822642
306	-2.816202
307	-2.809650
308	-2.802987
309	-2.796213
310	-2.789329
311	-2.782335
312	-2.775232
313	-2.768018
314	-2.760696
315	-2.753264
316	-2.745724
317	-2.738075
318	-2.730318
319	-2.722453
320	-2.714481
321	-2.706402
322	-2.698216
323	-2.689923
324	-2.681524
325	-2.673020
326	-2.664409
327	-2.655694
328	-2.646874
329	-2.637949
330	-2.628920
331	-2.619787
332	-2.610551
333	-2.601212
334	-2.591770
335	-2.582226
336	-2.572580
337	-2.562832
338	-2.552983
339	-2.543034
340	-2.532984
341	-2.522834
342	-2.512584
343	-2.502235
344	-2.491788
345	-2.481242
346	-2.470598
347	-2.459856
348	-2.449018
349	-2.438082
350	-2.427051
351	-2.415924
352	-2.404701
353	-2.393383
354	-2.381971
355	-2.370465
356	-2.358865
357	-2.347172
358	-2.335387
359	-2.323509
360	-2.311540
361	-2.299479
362	-2.287328
363	-2.275086
364	-2.262754
365	-2.250333
366	-2.237823
367	-2.225225
368	-2.212539
369	-2.199766
370	-2.186906
371	-2.173959
372	-2.160927
373	-2.147809
374	-2.134607
375	-2.121320
376	-2.107950
377	-2.094496
378	-2.080960
379	-2.067341
380	-2.053641
381	-2.039860
382	-2.025998
383	-2.012057
384	-1.998036
385	-1.983936
386	-1.969757
387	-1.955501
388	-1.941168
389	-1.926758
390	-1.912272
391	-1.897710
392	-1.883074
393	-1.868363
394	-1.853579
395	-1.838721
396	-1.823791
397	-1.808789
398	-1.793715
399	-1.778570
400	-1.763356
401	-1.748071
402	-1.732718
403	-1.717296
404	-1.701807
405	-1.686250
406	-1.670627
407	-1.654938
408	-1.639183
409	-1.623364
410	-1.607480
411	-1.591534
412	-1.575524
413	-1.559452
414	-1.543319
415	-1.527124
416	-1.510870
417	-1.494555
418	-1.478182
419	-1.461750
420	-1.445261
421	-1.428715
422	-1.412112
423	-1.395453
424	-1.378740
425	-1.361971
426	-1.345150
427	-1.328275
428	-1.311347
429	-1.294368
430	-1.277338
431	-1.260257
432	-1.243127
433	-1.225947
434	-1.208719
435	-1.191444
436	-1.174121
437	-1.156752
438	-1.139337
439	-1.121878
440	-1.104374
441	-1.086826
442	-1.069236
443	-1.051603
444	-1.033929
445	-1.016214
446	-0.998459
447	-0.980664
448	-0.962831
449	-0.944960
450	-0.927051
451	-0.909106
452	-0.891125
453	-0.873109
454	-0.855058
455	-0.836973
456	-0.818856
457	-0.800706
458	-0.782525
459	-0.764312
460	-0.746070
461	-0.727798
462	-0.709497
463	-0.691168
464	-0.672812
465	-0.654430
466	-0.636021
467	-0.617588
468	-0.599130
469	-0.580648
470	-0.562144
471	-0.543617
472	-0.525069
473	-0.506500
474	-0.487911
475	-0.469303
476	-0.450677
477	-0.432032
478	-0.413371
479	-0.394693
480	-0.376000
481	-0.357291
482	-0.338569
483	-0.319833
484	-0.301085
485	-0.282325
486	-0.263554
487	-0.244772
488	-0.225980
489	-0.207180
490	-0.188372
491	-0.169556
492	-0.150733
493	-0.131904
494	-0.113071
495	-0.094232
496	-0.075390
497	-0.056545
498	-0.037698
499	-0.018849
500	-0.000000
501	0.018849
502	0.037698
503	0.056545
504	0.075390
505	0.094232
506	0.113071
507	0.131904
508	0.150733
509	0.169556
510	0.188372
511	0.207180
512	0.225980
513	0.244772
514	0.263554
515	0.282325
516	0.301085
517	0.319833
518	0.338569
519	0.357291
520	0.376000
521	0.394693
522	0.413371
523	0.432032
524	0.450677
525	0.469303
526	0.487911
527	0.506500
528	0.525069
529	0.543617
530	0.562144
531	0.580648
532	0.599130
533	0.617588
534	0.636021
535	0.654430
536	0.672812
537	0.691168
538	0.709497
539	0.727798
540	0.746070
541	0.764312
542	0.782525
543	0.800706
544	0.818856
545	0.836973
546	0.855058
547	0.873109
548	0.891125
549	0.909106
550	0.927051
551	0.944960
552	0.962831
553	0.980664
554	0.998459
555	1.016214
556	1.033929
557	1.051603
558	1.069236
559	1.086826
560	1.104374
561	1.121878
562	1.139337
563	1.156752
564	1.174121
565	1.191444
566	1.208719
567	1.225947
568	1.243127
569	1.260257
570	1.277338
571	1.294368
572	1.311347
573	1.328275
574	1.345150
575	1.361971
576	1.378740
577	1.395453
578	1.412112
579	1.428715
580	1.445261
581	1.461750
582	1.478182
583	1.494555
584	1.510870
585	1.527124
586	1.543319
587	1.559452
588	1.575524
589	1.591534
590	1.607480
591	1.623364
592	1.639183
593	1.654938
594	1.670627
595	1.686250
596	1.701807
597	1.717296
598	1.732718
599	1.748071
600	1.763356
601	1.778570
602	1.793715
603	1.808789
604	1.823791
605	1.838721
606	1.853579
607	1.868363
608	1.883074
609	1.897710
610	1.912272
611	1.926758
612	1.941168
613	1.955501
614	1.969757
615	1.983936
616	1.998036
617	2.012057
618	2.025998
619	2.039860
620	2.053641
621	2.067341
622	2.080960
623	2.094496
624	2.107950
625	2.121320
626	2.134607
627	2.147809
628	2.160927
629	2.173959
630	2.186906
631	2.199766
632	2.212539
633	2.225225
634	2.237823
635	2.250333
636	2.262754
637	2.275086
638	2.287328
639	2.299479
640	2.311540
641	2.323509
642	2.335387
643	2.347172
644	2.358865
645	2.370465
646	2.381971
647	2.393383
648	2.404701
649	2.415924
650	2.427051
651	2.438082
652	2.449018
653	2.459856
654	2.470598
655	2.481242
656	2.491788
657	2.502235
658	2.512584
659	2.522834
660	2.532984
661	2.543034
662	2.552983
663	2.562832
664	2.572580
665	2.582226
666	2.591770
667	2.601212
668	2.610551
669	2.619787
670	2.628920
671	2.637949
672	2.646874
673	2.655694
674	2.664409
675	2.673020
676	2.681524
677	2.689923
678	2.698216
679	2.706402
680	2.714481
681	2.722453
682	2.730318
683	2.738075
684	2.745724
685	2.753264
686	2.760696
687	2.768018
688	2.775232
689	2.782335
690	2.789329
691	2.796213
692	2.802987
693	2.809650
694	2.816202
695	2.822642
696	2.828972
697	2.835189
698	2.841295
699	2.847288
700	2.853170
701	2.858938
702	2.864594
703	2.870136
704	2.875565
705	2.880881
706	2.886083
707	2.891171
708	2.896145
709	2.901004
710	2.905749
711	2.910380
712	2.914895
713	2.919296
714	2.923581
715	2.927750
716	2.931804
717	2.935743
718	2.939565
719	2.943272
720	2.946862
721	2.950336
722	2.953693
723	2.956934
724	2.960058
725	2.963065
726	2.965955
727	2.968728
728	2.971384
729	2.973923
730	2.976344
731	2.978648
732	2.980834
733	2.982902
734	2.984853
735	2.986686
736	2.988401
737	2.989998
738	2.991477
739	2.992838
740	2.994080
741	2.995205
742	2.996211
743	2.997099
744	2.997868
745	2.998520
746	2.999053
747	2.999467
748	2.999763
749	2.999941
750	3.000000
751	2.999941
752	2.999763
753	2.999467
754	2.999053
755	2.998520
756	2.997868
757	2.997099
758	2.996211
759	2.995205
760	2.994080
761	2.992838
762	2.991477
763	2.989998
764	2.988401
765	2.986686
766	2.984853
767	2.982902
768	2.980834
769	2.978648
770	2.976344
771	2.973923
772	2.971384
773	2.968728
774	2.965955
775	2.963065
776	2.960058
777	2.956934
778	2.953693
779	2.950336
780	2.946862
781	2.943272
782	2.939565
783	2.935743
784	2.931804
785	2.927750
786	2.923581
787	2.919296
788	2.914895
789	2.910380
790	2.905749
791	2.901004
792	2.896145
793	2.891171
794	2.886083
795	2.880881
796	2.875565
797	2.870136
798	2.864594
799	2.858938
800	2.853170
801	2.847288
802	2.841295
803	2.835189
804	2.828972
805	2.822642
806	2.816202
807	2.809650
808	2.802987
809	2.796213
810	2.789329
811	2.782335
812	2.775232
813	2.768018
814	2.760696
815	2.753264
816	2.745724
817	2.738075
818	2.730318
819	2.722453
820	2.714481
821	2.706402
822	2.698216
823	2.689923
824	2.681524
825	2.673020
826	2.664409
827	2.655694
828	2.646874
829	2.637949
830	2.628920
831	2.619787
832	2.610551
833	2.601212
834	2.591770
835	2.582226
836	2.572580
837	2.562832
838	2.552983
839	2.543034
840	2.532984
841	2.522834
842	2.512584
843	2.502235
844	2.491788
845	2.481242
846	2.470598
847	2.459856
848	2.449018
849	2.438082
850	2.427051
851	2.415924
852	2.404701
853	2.393383
854	2.381971
855	2.370465
856	2.358865
857	2.347172
858	2.335387
859	2.323509
860	2.311540
861	2.299479
862	2.287328
863	2.275086
864	2.262754
865	2.250333
866	2.237823
867	2.225225
868	2.212539
869	2.199766
870	2.186906
871	2.173959
872	2.160927
873	2.147809
874	2.134607
875	2.121320
876	2.107950
877	2.094496
878	2.080960
879	2.067341
880	2.053641
881	2.039860
882	2.025998
883	2.012057
884	1.998036
885	1.983936
886	1.969757
887	1.955501
888	1.941168
889	1.926758
890	1.912272
891	1.897710
892	1.883074
893	1.868363
894	1.853579
895	1.838721
896	1.823791
897	1.808789
898	1.793715
899	1.778570
900	1.763356
901	1.748071
902	1.732718
903	1.717296
904	1.701807
905	1.686250
906	1.670627
907	1.654938
908	1.639183
909	1.623364
910	1.607480
911	1.591534
912	1.575524
913	1.559452
914	1.543319
915	1.527124
916	1.510870
917	1.494555
918	1.478182
919	1.461750
920	1.445261
921	1.428715
922	1.412112
923	1.395453
924	1.378740
925	1.361971
926	1.345150
927	1.328275
928	1.311347
929	1.294368
930	1.277338
931	1.260257
932	1.243127
933	1.225947
934	1.208719
935	1.191444
936	1.174121
937	1.156752
938	1.139337
939	1.121878
940	1.104374
941	1.086826
942	1.069236
943	1.051603
944	1.033929
945	1.016214
946	0.998459
947	0.980664
948	0.962831
949	0.944960
950	0.927051
951	0.909106
952	0.891125
953	0.873109
954	0.855058
955	0.836973
956	0.818856
957	0.800706
958	0.782525
959	0.764312
960	0.746070
961	0.727798
962	0.709497
963	0.691168
964	0.672812
965	0.654430
966	0.636021
967	0.617588
968	0.599130
969	0.580648
970	0.562144
971	0.543617
972	0.525069
973	0.506500
974	0.487911
975	0.469303
976	0.450677
977	0.432032
978	0.413371
979	0.394693
980	0.376000
981	0.357291
982	0.338569
983	0.319833
984	0.301085
985	0.282325
986	0.263554
987	0.244772
988	0.225980
989	0.207180
990	0.188372
991	0.169556
992	0.150733
993	0.131904
994	0.113071
995	0.094232
996	0.075390
997	0.056545
998	0.037698
999	0.018849
